Roots : 

x = 0.618034, y = -0.786151
x = 0.618034, y = 0.786151
x = -1.618034, y = 1.272020 i
x = -1.618034, y = -1.272020 i
